CACHE type 5 produced by analog 6.0/Unix. Do not modify or delete!
T	0	0	1630	658	1	337	40692454
D	25482972	25524866
17696	146	2	2	1624
17696	147	5	5	1545
17696	148	32	6	3719
17696	149	49	12	1340919
17696	150	16	6	9386
17696	153	13	4	1662
17696	154	32	14	1343796
17696	155	9	6	1664
17696	156	33	14	1344180
17696	157	7	2	142171
17696	158	35	8	901959
17696	159	72	38	7472
17696	160	26	7	2151
17696	161	21	12	1410
17696	162	49	22	1646947
17696	163	24	18	735913
17696	164	52	19	2381043
17696	165	30	18	3034
17696	166	76	41	2847
17696	167	16	12	2477
17696	169	25	9	21576
17696	172	20	6	6794
17696	173	8	6	3363
17696	174	9	4	2475
17696	175	14	4	41356
17696	176	18	11	7903
17696	177	15	2	1664192
17696	178	17	4	3335
17696	179	3	2	21247
17696	180	16	10	11835
17696	181	12	4	3711
17696	182	1	1	0
17696	190	17	2	0
17697	127	16	3	0
17697	185	16	3	1664864
17697	186	24	11	10230
17697	187	2	2	2025
17697	188	4	4	4083
17701	111	15	2	0
17701	112	1	1	205
17701	114	15	7	742150
17701	115	25	8	2401113
17701	117	17	9	34207
17701	118	34	13	2410151
17701	119	14	6	8573
17701	120	43	18	1682355
17701	121	54	19	3141974
17701	122	1	1	205
17701	143	11	3	7429
17702	129	18	3	1667073
17724	124	18	3	1667073
17724	128	1	1	0
17725	134	18	3	1683456
17725	136	26	10	1690491
17725	137	13	10	23693
17725	138	3	2	3455
17725	139	20	12	775390
17725	140	23	16	21276
17725	141	6	4	7210
17725	142	35	31	14524
17725	143	4	2	3605
17725	144	14	12	18574
17725	145	23	6	1690468
17725	146	36	4	1700147
17725	147	22	4	1670737
17725	148	20	9	740750
17725	149	7	3	1059
17725	150	23	4	6902
17725	151	8	3	2836
17725	152	16	7	8228
17725	153	15	8	4575
17725	155	28	13	8281
17725	156	52	16	2411352
17725	157	14	6	6465
17725	158	14	6	7206
17725	159	51	10	746439
17725	160	9	4	4919
17725	163	7	3	3363
17725	173	20	2	329637
1	23	0	0	0	25524866	0	0	25483030	0	0	6694716	/components/css/bootstrap.min.css.map
1	3	3	0	0	25524674	0	0	25491526	0	0	10956	/?187.151.229.101
1	50	0	0	2	25524865	0	25482980	25482980	0	25482980	4641	/components/version/interpolate-filter.js
1	46	0	0	0	25524865	0	0	25482987	0	0	24500519	/components/version/angular.js
1	24	0	0	0	25524865	0	0	25524732	0	0	86036	/components/js/notify.js
1	1	1	0	0	25482987	0	0	25482987	0	0	448	/components/
1	0	0	0	3	0	0	25482991	0	0	25482991	0	/components/version/css/normalize.css
1	9	0	0	0	25482988	0	0	25482980	0	0	306	/app.css
1	50	0	0	2	25524865	0	25482980	25482980	0	25482980	4179	/components/version/version-directive.js
1	0	0	0	9	0	0	25482985	0	0	25482980	0	/bower_components/html5-boilerplate/dist/css/normalize.css
1	0	0	0	8	0	0	25482985	0	0	25482980	0	/bower_components/html5-boilerplate/dist/js/vendor/modernizr-2.8.3.min.js
1	46	0	0	0	25524865	0	0	25482992	0	0	121040	/components/css/normalize.css
1	3	0	0	0	25490026	0	0	25490026	0	0	5664	/components/js/FileSaver.js
1	32	32	0	0	25524674	0	0	25482987	0	0	2531	/view2/view2.html
1	47	0	0	0	25524865	0	0	25483030	0	0	861492	/components/js/bootstrap.min.js
1	50	0	0	2	25524865	0	25482980	25482980	0	25482980	3213	/components/version/version.js
1	242	242	0	0	25524866	0	0	25482987	0	0	260581	/view1/view1.html
1	377	377	0	7	25524865	0	25482969	25482973	0	25445558	132939	/
1	46	0	0	0	25524865	0	0	25482987	0	0	853708	/components/version/angular-route.js
1	0	0	0	14	0	0	25482985	0	0	25482980	0	/bower_components/angular-route/angular-route.js
1	0	0	0	1	0	0	25482976	0	0	25482976	0	/cgi-bin/
1	22	0	0	0	25524866	0	0	25483030	0	0	2295826	/components/js/bootstrap.min.js.map
1	0	0	0	20	0	0	25524738	0	0	25445558	0	/favicon.ico
1	0	0	1	0	0	25482987	0	0	25482987	0	0	/components
1	0	0	0	45	0	0	25524727	0	0	25524697	0	/components/js/pnotify.nonblock.js.map
1	31	0	0	0	25524865	0	0	25490010	0	0	14196	/components/js/json-export-excel.min.js
1	50	0	0	0	25524865	0	0	25482980	0	0	5607	/view2/view2.js
1	94	0	0	0	25524865	0	0	25482980	0	0	11251	/app.js
1	0	0	0	9	0	0	25482985	0	0	25482980	0	/bower_components/html5-boilerplate/dist/css/main.css
1	1	1	0	0	25482987	0	0	25482987	0	0	927	/components/version/
1	40	0	0	0	25524865	0	0	25490037	0	0	2651	/components/css/Style.css
1	50	0	0	0	25524865	0	0	25483030	0	0	348415	/components/js/popper.min.js
1	0	0	0	1	0	0	25482986	0	0	25482986	0	/components/angular.js
1	2	2	0	0	25489999	0	0	25482972	0	0	1239	/?189.134.50.170
1	0	0	0	2	0	0	25482986	0	0	25482986	0	/components/angular-route.js
1	46	0	0	0	25524865	0	0	25483028	0	0	2527578	/components/css/bootstrap.min.css
1	16	0	0	0	25524728	0	0	25524697	0	0	67460	/components/js/pnotify.custom.min.js
1	0	0	0	199	0	0	25524866	0	0	25483030	0	/components/js/popper.min.js.map
1	49	0	0	0	25524865	0	0	25483030	0	0	1477759	/components/js/jquery-3.3.1.min.js
1	180	0	0	0	25524865	0	0	25482980	0	0	396576	/view1/view1.js
1	0	0	0	13	0	0	25482985	0	0	25482980	0	/bower_components/angular/angular.js
3	118	12	0	75	25523182	0	25523182	25482980	0	25445558	3005861	http://monitor.reconocelo.com.mx/
3	1	1	0	0	25482987	0	0	25482987	0	0	927	http://monitor.reconocelo.com.mx/components/
3	1281	461	0	8	25524866	0	25524738	25483013	0	25445559	28593153	http://www.monitor.reconocelo.com.mx/
4	16	3	0	1	25484608	0	25484608	25484608	0	25484608	1664864	Mozilla/5.0 (Linux; Android 6.0; F3313 Build/37.0.A.2.248) AppleWebKit/537.36 (KHTML, like Gecko) Chrome/63.0.3239.111 Mobile Safari/537.36
4	15	2	0	0	25483125	0	0	25483125	0	0	1664192	Mozilla/5.0 (Windows NT 6.3; WOW64; Trident/7.0; Touch; rv:11.0) like Gecko
4	411	198	0	152	25524818	0	25524818	25523182	0	25523182	10793968	Mozilla/5.0 (Windows NT 6.1; Win64; x64) AppleWebKit/537.36 (KHTML, like Gecko) Chrome/67.0.3396.99 Safari/537.36
4	135	16	0	4	25524866	0	25524866	25524728	0	25524728	4458143	Mozilla/5.0 (Windows NT 6.1; Win64; x64; rv:60.0) Gecko/20100101 Firefox/60.0
4	0	0	0	1	0	0	25483125	0	0	25483125	0	Mozilla/5.0 (Windows NT 6.3; Win64; x64; Trident/7.0; Touch; rv:11.0) like Gecko
4	759	329	1	144	25483191	25482987	25483191	25482972	25482987	25445558	9999514	Mozilla/5.0 (Windows NT 6.1; Win64; x64) AppleWebKit/537.36 (KHTML, like Gecko) Chrome/66.0.3359.181 Safari/537.36
4	294	110	0	35	25491526	0	25491526	25484315	0	25484315	12111773	Mozilla/5.0 (Windows NT 6.1; Win64; x64) AppleWebKit/537.36 (KHTML, like Gecko) Chrome/67.0.3396.87 Safari/537.36
5	7	1	0	0	25484608	0	0	25484608	0	0	199913	66.102.6.158
5	2	0	0	0	25484608	0	0	25484608	0	0	65427	66.102.6.157
5	546	214	0	156	25524866	0	25524866	25523182	0	25523182	15252111	189.134.47.193
5	7	2	0	1	25484608	0	25484608	25484608	0	25484608	1399524	66.102.6.156
5	820	351	1	138	25484621	25482987	25484315	25482972	25482987	25482966	11680044	187.151.235.43
5	0	0	0	8	0	0	25445559	0	0	25445558	0	189.134.50.170
5	248	90	0	34	25491526	0	25491526	25489999	0	25489999	12095435	187.151.229.101
z	0	1058	453	25524866	0
z	1	4	4	25483024	22
z	2	11	6	25490048	323
z	3	194	55	25524865	67578
z	4	210	140	25524866	585996
z	5	91	0	25524782	4019896
z	6	43	0	25524866	11518120
z	7	19	0	25524782	24500519
c	200	583	25524866
c	301	1	25482987
c	304	1047	25524866
c	404	323	25524866
c	500	14	25482969
